-2  -3   0      354.40       34.23        10.35
4   3   0      232.70       38.93         5.98
-4  -5   0      914.60       67.84        13.48
-4  -7   0      313.40       65.96         4.75
6   5   0      360.90       56.93         6.34
-6  -7   0      401.00       60.12         6.67
-6  -9   0      422.80       78.56         5.38
8   5   0      331.60       71.63         4.63
8   7   0      428.40       68.79         6.23
10   7   0      395.90       86.67         4.57
12   7   0      408.40       99.42         4.11
-1   0  23      524.50      165.90         3.16
1   0 -21      556.60      164.90         3.38
-1   0  17      623.80      125.50         4.97
-1   0  13      730.80      103.30         7.07
1   0 -13      555.00       95.90         5.79
-1   0  11      369.80       82.51         4.48
-1   0  -7      282.30       52.02         5.43
1   0   7      259.70       52.90         4.91
-1   0  -9      683.20       75.66         9.03
1   0   9      441.80       69.56         6.35
-1   0 -13      525.30       99.13         5.30
1   0  13      446.80       99.65         4.48
-1   0 -15      333.70      107.90         3.09
-1   0 -19      597.30      140.60         4.25
1   0  19      584.60      139.30         4.20
-1   0 -21      769.00      161.00         4.78
-3   0  23      977.10      180.40         5.42
3   0 -23      613.70      174.20         3.52
-3   0  19      580.90      140.20         4.14
-3   0  17      487.60      128.40         3.80
3   0 -17      614.00      134.60         4.56
-3   0  13      592.60      109.90         5.39
-3   0  11      330.60       94.69         3.49
3   0 -11      330.80       86.79         3.81
-3   0   9      483.00       71.25         6.78
3   0  -9      616.90       80.96         7.62
3   0  -7      526.80       69.85         7.54
-3   0  -9      637.60       82.15         7.76
3   0   9      423.20       79.72         5.31
-3   0 -11      431.80       89.20         4.84
3   0  11      410.70       90.14         4.56
3   0  15      392.90      118.70         3.31
3   0  17      419.10      133.40         3.14
-3   0 -19      654.70      142.00         4.61
-3   0 -21      473.10      155.90         3.03
-3   0 -23      715.30      167.40         4.27
5   0 -27      738.20      205.30         3.60
-5   0  23      502.10      166.90         3.01
5   0 -17      462.30      135.40         3.41
5   0 -15      851.20      134.50         6.33
5   0  -9      434.30       95.51         4.55
5   0   9     1192.00      106.40        11.20
5   0  11      303.10       93.01         3.26
-5   0 -13      516.20       98.08         5.26
5   0  13      642.10      111.60         5.75
-5   0 -17      533.60      120.70         4.42
-5   0 -21      480.70      144.30         3.33
-7   0  21      639.00      162.10         3.94
7   0 -15      419.40      123.30         3.40
7   0 -13      482.50      119.30         4.04
7   0  -9      593.90      109.00         5.45
7   0  -7      561.90      107.70         5.22
7   0  15      493.40      127.60         3.87
7   0  23      863.80      172.60         5.00
9   0 -15      569.20      153.20         3.72
9   0  -9      870.40      144.50         6.02
