-2 -3 0 354.40 
4 3 0 232.70
-4 -5 0 914.60
-4 -7 0 313.40
6 5 0 360.90
-6 -7 0 401.00
-6 -9 0 422.80
8 5 0 331.60
8 7 0 428.40
10 7 0 395.90
12 7 0 408.40
-1 0 23 524.50
1 0 -21 556.60
-1 0 17 623.80
-1 0 13 730.80
1 0 -13 555.00
-1 0 11 369.80
-1 0 -7 282.30
1 0 7 259.70
-1 0 -9 683.20
1 0 9 441.80
-1 0 -13 525.30
1 0 13 446.80
-1 0 -15 333.70
-1 0 -19 597.30
1 0 19 584.60
-1 0 -21 769.00
-3 0 23 977.10
3 0 -23 613.70
-3 0 19 580.90
-3 0 17 487.60
3 0 -17 614.00
-3 0 13 592.60
-3 0 11 330.60
3 0 -11 330.80
-3 0 9 483.00
3 0 -9 616.90
3 0 -7 526.80
-3 0 -9 637.60
3 0 9 423.20
-3 0 -11 431.80
3 0 11 410.70
3 0 15 392.90
3 0 17 419.10
-3 0 -19 654.70
-3 0 -21 473.10
-3 0 -23 715.30
5 0 -27 738.20
-5 0 23 502.10
5 0 -17 462.30
5 0 -15 851.20
5 0 -9 434.30
5 0 9  1192.00
5 0 11 303.10
-5 0 -13 516.20
5 0 13 642.10
-5 0 -17 533.60
-5 0 -21 480.70
-7 0 21 639.00
7 0 -15 419.40
7 0 -13 482.50
7 0 -9 593.90
7 0 -7 561.90
7 0 15 493.40
7 0 23 863.80
9 0 -15 569.20
9 0 -9 870.40
